,female,white,black,asian,age,yearssmall,kinnercity,ksuburban,krural,ktwhite,gkthighdegree,gktyears,gkfreelunch,gkabsent,gktreadss,gktmathss,gktlstnss,gktwordss,1innercity,1suburban,1rural,1twhite,g1thighdegree,g1tyears,g1freelunch,g1absent,g1treadss,g1tmathss,g1tlstnss,g1twordss,g1readbsraw,g1mathbsraw,2innercity,2suburban,2rural,2twhite,g2thighdegree,g2tyears,g2freelunch,g2treadss,g2tmathss,g2tlstnss,g2twordss,g2readbsraw,g2mathbsraw,3innercity,3suburban,3rural,3twhite,3tblack,g3thighdegree,g3tyears,g3freelunch,g3absent,g3treadss,g3tmathss,g3tlstnss,g3twordss,g3readbsraw,g3mathbsraw,hsgrdcol
female,1.0,-0.057841239637573774,0.05485602204882655,0.012724449889176063,-0.040725367199128636,-0.004239392398444581,0.031734761681476556,0.035444631828780146,-0.05288600244337341,-0.09976248668566445,-0.02266702924398199,0.0014171728134929698,0.05023916371499952,-0.04053157039211437,0.0872412962288539,0.047069191030027366,0.00938593234347133,0.06802330216543738,0.030081228205871165,0.036868679209671774,-0.05470347119100195,0.00967335007331103,-0.03203584401055436,-0.0013676653821729965,0.025776798865183106,0.010970320042478351,0.03945224688408431,-0.0491637261409789,-0.04784028936657227,0.038681323704282844,0.05516228761798902,-0.06925554228631275,0.030081228205871165,0.036868679209671774,-0.05318583311580598,-0.06816296340724547,-0.050492570887891546,-0.03140419825384525,0.041458898011239004,0.05457045480887458,-0.04791471243252791,-0.06815484211632594,0.018912901277300023,0.05314968736450262,-0.01228048070229944,0.03843028761381139,0.030074734678174692,-0.05318583311580598,-0.043477946746877,0.03798092504654758,-0.02769838447045233,-0.030683028160539697,0.03287342862885177,0.003290755278803476,0.0636939618620694,-0.035471839567684654,-0.06783991461539168,0.05462441107000846,0.060604942776050046,-0.016250077915171687,0.06689934171487581
white,-0.057841239637573774,1.0,-0.9908245885899961,-0.09113491259826483,0.017610022342122743,-0.04830648586166146,-0.6682705132689316,-0.1484746739587944,0.5441865766222259,0.4685002308717671,0.1914195596461502,0.07532404112990843,-0.4075566161182308,0.15779759085097367,0.06688330161663297,0.09589257624140317,0.2866694735678791,0.07192129048202492,-0.6603012004435499,-0.1592072774613682,0.5453492432169811,0.5473642281054159,0.11726960709921438,0.03410300050317188,-0.41751268116133333,0.06922076527926554,0.28600799413487815,0.2671689327854323,0.2825195037299155,0.1991014180914738,0.11834876174514614,0.178959538968355,-0.6603012004435499,-0.1592072774613682,0.5465147085743673,0.4411453758472918,0.07222027452064346,0.071975755999328,-0.39487189281612417,0.2963546974675953,0.2534027393870161,0.34301857775657657,0.2435015954714639,0.21718603984984614,0.2173819511769936,-0.6522785569368335,-0.16984250671422504,0.5465147085743673,0.5422942354396322,-0.5273325162551478,-0.01380786355763623,-0.05002367141263121,-0.3972200269359875,0.060661182612853144,0.21137703842354463,0.2267198956668293,0.2824139867578017,0.19016817419098936,0.1766483209038483,0.28128658632819753,0.1520953682083055
black,0.05485602204882655,-0.9908245885899961,1.0,-0.02605127120232285,-0.015671794642932748,0.050388744168362656,0.6745319192078704,0.15285776023944475,-0.5487074428566885,-0.4737577079329088,-0.1961510884739786,-0.07576032612600285,0.4106573153514543,-0.15638729625347433,-0.06120789962097836,-0.0916093780696224,-0.2776182564909885,-0.06757258938566515,0.6664894484770075,0.1636745289815579,-0.5498641508167578,-0.5529728243176503,-0.11299474514011199,-0.03239106189567485,0.4206894945737737,-0.06605487245215026,-0.2877610377352707,-0.2686249569288574,-0.2772454856833029,-0.20115773455396013,-0.11566374125214136,-0.1797254792400538,0.6664894484770075,0.1636745289815579,-0.5510236652275227,-0.4468250727119993,-0.07356898564111454,-0.07405501308468046,0.39359997957077447,-0.3007634383319424,-0.2568126858946556,-0.34299592632086107,-0.2458544462760102,-0.22278906518880914,-0.2209854979213199,0.6583931745731069,0.1743933627186462,-0.5510236652275227,-0.5482731170173398,0.5331837887112016,0.010562353877612743,0.05368190973221025,0.3999885028135553,-0.054429156452529326,-0.21210869580488417,-0.22562499110331902,-0.28015669946447674,-0.19042682047288964,-0.17967283169012233,-0.28003075137106487,-0.149555867022341
asian,0.012724449889176063,-0.09113491259826483,-0.02605127120232285,1.0,-0.030610376231740483,-0.002496349218309324,-0.018035282668428677,-0.02306432051486243,0.002495366521308743,0.018171572061442213,-0.010496371125162308,-0.006570543246514291,0.0023878980268166824,-0.012578071392790848,-0.055448695156930704,-0.05742403754025975,-0.061152938445750614,-0.05267100505700718,-0.017829831959226602,-0.023249545883434343,0.0024151907710489736,0.017829831959226564,-0.031062640992563048,-0.024172309307249017,0.0022162353006415954,-0.025213988726298323,-0.00784093531700492,-0.01696177906239487,-0.05139598586532568,-0.014282741501665945,-0.032926972642059606,-0.014086247167055976,-0.017829831959226602,-0.023249545883434343,0.0023349426469947104,0.021755195698106675,0.01835091560970858,0.010397221871840015,0.03876697824510513,-0.0009737519574540185,0.005391996509778592,-0.005475781306043884,-0.014453812310475702,0.024027831271482246,0.014208298999325568,-0.01762311517323905,-0.023434382840558644,0.0023349426469947104,0.02035412504574522,-0.020030439722868994,0.0411316140820257,-0.03146014005539346,0.004312493328724123,-0.04468537678307051,-0.017097468174604162,-0.02845174851750796,-0.029828770860179727,-0.011201355913529894,0.019197416565183294,-0.024295718839439432,-0.03402514498006552
age,-0.040725367199128636,0.017610022342122743,-0.015671794642932748,-0.030610376231740483,1.0,-0.01828107681727115,-0.0021546731354015474,-0.030755235425144297,0.0072384220492748,0.05411502508344171,0.02248291924343513,-0.01129824757421177,-0.028457921848393287,0.03338935523364412,0.11663659164863574,0.16424709554286235,0.1592620027303151,0.0916868294970773,0.004601829122476271,-0.036221838869115765,0.004646775518545858,-0.0036369883675653808,0.038429666553227354,-0.003355564248749789,0.0008615547703849116,0.023831509998124643,0.005956092457016316,0.106607229405976,0.10521143041517698,-0.025347478536731933,-0.010549129677950422,0.03704828329153962,0.004601829122476271,-0.036221838869115765,0.003098083599857944,0.017457504542653036,-0.012302845802936576,0.013409432631169744,-0.018362375585647715,0.0014944366246772386,0.042782585193794534,0.07138236538216758,0.001040973692734589,-0.010464858505243918,0.00528963120159957,0.008227180335121053,-0.038974507699633384,0.003098083599857944,0.026923995032855565,-0.026414270482008468,-0.01182602039571831,0.06382763065808586,-0.033946148260941986,0.06469484109026889,-0.028054281474121666,0.0008973348155099628,0.018835456984952002,-0.027630085962330263,-0.030980539877840097,-0.0036172853318039997,-0.056686915383890285
yearssmall,-0.004239392398444581,-0.04830648586166146,0.050388744168362656,-0.002496349218309324,-0.01828107681727115,1.0,0.06557532371980174,0.021351883279333624,-0.09047836063985941,0.00884693725415225,-0.03252829940995834,-0.12975206826082578,0.051067024310468084,-0.021320155750423897,0.07286351754587418,0.09195650267799134,0.04193329019555037,0.0631724767468407,0.06932078195653187,0.018613836791802493,-0.0918565526594385,-0.02746550835554022,-0.06194373347446108,-0.023210608340910245,0.04920675559418628,-0.023493601837145068,0.0198741788923769,0.06692147499808386,0.05059660903036246,0.03217711837366867,0.058692294350955,0.06305413663391987,0.06932078195653187,0.018613836791802493,-0.09136257004416656,-0.0015132968330514504,0.08503584050311067,0.014499921023609018,0.04190677848838619,0.03294045473101488,0.05106261818147071,0.05347144368946035,0.020981225694494475,0.059893986832172515,0.06663786015043882,0.07314248252846405,0.015904364772253758,-0.09136257004416656,-0.07033641212923264,0.058493376266537944,-0.08478207283699964,-0.007724006226079627,0.07293268185673817,0.023830202002310653,0.06872499566361873,0.031480737490658314,0.029300863339529325,0.05622838542247168,0.0178875964598159,0.038448006479784226,-0.040798323099616826
kinnercity,0.031734761681476556,-0.6682705132689316,0.6745319192078704,-0.018035282668428677,-0.0021546731354015474,0.06557532371980174,1.0,-0.17359878937701895,-0.49363829193527314,-0.39774979150029494,-0.14938055194658312,-0.14437312375647623,0.3947939216153549,-0.09655461098646688,-0.03521760624742522,-0.04120951968672733,-0.15288785170642882,-0.027226645761023533,0.973332092956312,-0.14330229093349023,-0.4944953942084233,-0.5150428536278105,-0.0648041604611204,0.06482070004149157,0.40887436099276464,-0.02497247096680372,-0.2669919258492293,-0.20759873459362807,-0.22154589317188556,-0.18558497247036085,-0.14344786817063493,-0.1778114049515602,0.973332092956312,-0.14330229093349023,-0.4953548383988702,-0.3855794697351477,-0.05164319673659236,-0.040941641121278405,0.39336054072300697,-0.25129016295402373,-0.17592519109730412,-0.25410438609991215,-0.1998019204875654,-0.1816386047084898,-0.1544302331563033,0.9617328388576034,-0.12593124540716322,-0.4953548383988702,-0.5465785781211615,0.5219771003634773,-0.007663661678262904,0.06751785557347569,0.41553904503116174,0.005437549447587922,-0.16309430338166575,-0.16083999309915084,-0.19317511165247148,-0.15810124809979142,-0.1383047150553809,-0.23275037829039924,-0.1552960346967814
ksuburban,0.035444631828780146,-0.1484746739587944,0.15285776023944475,-0.02306432051486243,-0.030755235425144297,0.021351883279333624,-0.17359878937701895,1.0,-0.6312865727097693,-0.20513239338925598,-0.07316866209062431,0.0852311971543043,-0.11990489091905104,-0.0793532202543052,-0.0026107717240493604,-0.0015141920253387944,-0.02703151486777857,-0.006040315666622114,-0.1587685760831281,0.981368057551166,-0.6323826731649493,-0.0982843336560478,-0.04306298584015329,-0.10928723711951652,-0.13473446578948184,-0.030298812191978854,-0.02365604836285802,-0.032601790723546305,-0.013991010769064824,0.014919696667170254,0.01678958221401646,-0.00271047565673404,-0.1587685760831281,0.981368057551166,-0.633481768567972,-0.10799018156222238,-0.0689911505378014,-0.08273925969687254,-0.13509375631962017,-0.05043374442524947,-0.0771871862906819,-0.010738089201900756,-0.04394262576042147,-0.0024598719469826565,-0.042065622559972184,-0.15666317453326098,0.9735964996992437,-0.633481768567972,-0.15383669101290823,0.16095120358021703,0.03101397329580685,0.02937332485713527,-0.14460841376859954,-0.09001281555899916,-0.021771154145987303,-0.049503659226618,-0.014965949150612964,-0.04781655518595859,-0.006881725219167578,-0.05189319287283949,0.031298550687698934
krural,-0.05288600244337341,0.5441865766222259,-0.5487074428566885,0.002495366521308743,0.0072384220492748,-0.09047836063985941,-0.49363829193527314,-0.6312865727097693,1.0,0.39037380134899097,0.14790224222302564,0.03251666029159479,-0.1561361662209484,0.1335906224921501,-0.011845684997243986,0.01789746043959999,0.11784144438513255,-0.02389399484252249,-0.48801496242987485,-0.6363563205061268,0.9982667133340535,0.40013832949456524,0.050457198943980534,0.03582633950229288,-0.15693800916109288,0.023545941285060025,0.18615793394379967,0.14413594574566863,0.13307599600227793,0.09643394999744957,0.05984085532434195,0.12182295826760157,-0.48801496242987485,-0.6363563205061268,0.9965347134406717,0.3043157834269089,0.03714438682287113,0.05296556273343785,-0.1521249953466015,0.20120697490347125,0.1759122346461223,0.1541562013282283,0.1494535666867032,0.13016038196065202,0.14670076919155473,-0.48235697951797685,-0.6414154372097034,0.9965347134406717,0.44457191150819525,-0.43442576948737804,-0.03196341995820745,-0.12444586032530798,-0.14730393915843254,0.06198926847533498,0.11717877249485485,0.13846991437124406,0.13455875480212676,0.12677788705857582,0.09560069481024494,0.19369494918618643,0.10073732370270679
ktwhite,-0.09976248668566445,0.4685002308717671,-0.4737577079329088,0.018171572061442213,0.05411502508344171,0.00884693725415225,-0.39774979150029494,-0.20513239338925598,0.39037380134899097,1.0,0.19348293393900545,0.015467696510717749,-0.14124077646206062,0.0988194588206287,0.038167117701561504,-0.0008533091277672973,0.1168767722525479,0.008111845603404303,-0.39640852265788484,-0.20810651063676258,0.39118441951542643,0.29767855827044726,0.07173511675502603,0.003834395275371619,-0.18192425864646805,-0.007956866661606398,0.18362314308041497,0.14248002613157953,0.1650448003592256,0.1193255217333011,0.07099653118274916,0.0866004886306879,-0.39640852265788484,-0.20810651063676258,0.39199702204029285,0.3351461415456153,0.06524131592171768,0.004597768211511742,-0.1593358187017475,0.13711482340609507,0.12576824853296506,0.18460012332886547,0.10539525158714491,0.053058663701685105,0.0735136764282022,-0.37977083703694453,-0.2236053030346815,0.39199702204029285,0.3003166505151168,-0.3010020318663065,-0.02842775615064929,-0.05207057025201695,-0.17934038775642017,0.008654429341711286,0.10662910670520714,0.07881757276743459,0.10831719707348206,0.10489253070169045,0.03731568601332557,0.10914227516068341,0.08327799405164052
gkthighdegree,-0.02266702924398199,0.1914195596461502,-0.1961510884739786,-0.010496371125162308,0.02248291924343513,-0.03252829940995834,-0.14938055194658312,-0.07316866209062431,0.14790224222302564,0.19348293393900545,1.0,0.14723161609546806,-0.1265700326317572,0.023258567689044062,-0.02503695627683679,0.027529571285823524,0.05968265783375763,-0.01179959394189638,-0.14909877771996538,-0.07412104598047303,0.1466844749012371,0.17415599765103032,0.041029377842631276,-0.002622676866060268,-0.13485761941496363,0.021287088693643368,0.08983849765682426,0.05080006197324673,0.026434196954558602,0.061760088962834546,0.050029880343213665,0.021681000297729066,-0.14909877771996538,-0.07412104598047303,0.14546593985470951,0.145959162389547,0.0688575497418585,0.005220614724896299,-0.10525943199975087,0.10064536877858482,0.043449001111080424,0.0943217616725989,0.06669145907438173,0.08773649694482144,0.04069838497025781,-0.1446182889679602,-0.07851674575489541,0.14546593985470951,0.08032182688427587,-0.08391154410422066,0.039653338232852095,-0.00016135231077815914,-0.11353215358577759,-0.01220541607238568,0.04875212489480708,0.054114346262501736,0.08679313929770964,0.03377047407628621,0.048958157452224954,0.06572330277943338,0.039848269484132164
gktyears,0.0014171728134929698,0.07532404112990843,-0.07576032612600285,-0.006570543246514291,-0.01129824757421177,-0.12975206826082578,-0.14437312375647623,0.0852311971543043,0.03251666029159479,0.015467696510717749,0.14723161609546806,1.0,-0.09981879238918515,0.020223914351226346,0.11217034826889992,0.08440788979037127,0.13341518408650851,0.10325594216050155,-0.13860091134869432,0.07895777476473549,0.03386944575184038,0.09258406507197908,-0.05535299223538423,0.038944672959849845,-0.10143078085322153,-0.0046428247329572915,0.07343301002360428,0.04710580247882236,0.05648506286712248,0.07330184433988894,0.044305789136945356,0.019243852532681856,-0.13860091134869432,0.07895777476473549,0.034287254380315164,0.10637501930426946,-0.07041667946854822,0.07804465538400152,-0.08227553872068294,0.06981718072064293,0.06715441154342525,0.048822852351422676,0.052675510347046976,0.023439737565442056,-0.011017218802550022,-0.1318062867817063,0.07198453816034693,0.034287254380315164,0.06635395594528244,-0.06004302213011001,-0.05510260387544859,0.034564646046166866,-0.10156161022283511,-0.03726324328876326,0.06005657425301295,0.04672087126959525,0.0604491826426664,0.02998830835317788,0.03147796852077428,0.026984075463255364,0.033788595174725704
gkfreelunch,0.05023916371499952,-0.4075566161182308,0.4106573153514543,0.0023878980268166824,-0.028457921848393287,0.051067024310468084,0.3947939216153549,-0.11990489091905104,-0.1561361662209484,-0.14124077646206062,-0.1265700326317572,-0.09981879238918515,1.0,-0.004916530642821117,-0.17372058496752782,-0.11242169594243984,-0.1912899083288629,-0.18024314145589973,0.3925452491870351,-0.11455450879582205,-0.1573301823834274,-0.30152799231146893,-0.12106490291515287,0.018047534216005884,0.7436741910868537,0.008633347464208517,-0.2588382954862826,-0.203682160968749,-0.22602228600957966,-0.22472164655620933,-0.1519291655267099,-0.1318338581339259,0.3925452491870351,-0.11455450879582205,-0.15852585897000918,-0.1933283380631551,-0.05267846406004513,-0.07053095723065457,0.7266294817546696,-0.2489784081622624,-0.160934440748479,-0.23969939101758936,-0.22883124026183824,-0.20841438112342298,-0.12450690764503312,0.3903093287931889,-0.1092648909100503,-0.15852585897000918,-0.25987245137997117,0.2606518317632439,-0.03254502653793834,0.003746796773401119,0.6945257071329906,0.06670723630568771,-0.19374885895647206,-0.2118709019535142,-0.24484876125072963,-0.15459752620409728,-0.20642226663483876,-0.21963136353153595,-0.2275834143838145
gkabsent,-0.04053157039211437,0.15779759085097367,-0.15638729625347433,-0.012578071392790848,0.03338935523364412,-0.021320155750423897,-0.09655461098646688,-0.0793532202543052,0.1335906224921501,0.0988194588206287,0.023258567689044062,0.020223914351226346,-0.004916530642821117,1.0,-0.026987227484534165,-0.06003534621048314,0.022326512583973054,-0.024149775529418514,-0.09865847401365233,-0.07790966012494692,0.13577925670980828,0.055287219195194914,0.03709426163142863,-0.0012659314572641884,0.011560347961775247,0.5883188003734945,-0.04200253589605987,-0.02516087087054741,0.008729338585087208,-0.056095658059787674,-0.05801771031564271,-0.06118765975958442,-0.09865847401365233,-0.07790966012494692,0.13733269323355227,0.07250306622284843,-0.025229289095627126,0.013407383205748583,-0.008694258706366646,-0.030170975991460642,-0.039695126065651905,0.009031217071224732,-0.036984398930865144,-0.054900943930698116,-0.029258074782364505,-0.09793837007550009,-0.07883796779797234,0.13733269323355227,0.05917439183859293,-0.06941956100129257,0.030991034116691196,0.020915899439456435,-0.0040488070283906,0.47420063785514566,-0.05068714006517508,-0.0772936669520851,-0.0009371004414232873,-0.0669864125755656,-0.041414669812437216,-0.023538599202824566,-0.055410952828837415
gktreadss,0.0872412962288539,0.06688330161663297,-0.06120789962097836,-0.055448695156930704,0.11663659164863574,0.07286351754587418,-0.03521760624742522,-0.0026107717240493604,-0.011845684997243986,0.038167117701561504,-0.02503695627683679,0.11217034826889992,-0.17372058496752782,-0.026987227484534165,1.0,0.6379701579708046,0.47602505109038723,0.9137582713425116,-0.030329827205037466,-0.0069101327836904435,-0.010868983081203648,0.07255280415514534,-0.025071917759607057,0.02611250799519195,-0.20230891420658711,0.04131780349654371,0.5246653273549723,0.46170983927045206,0.4237177087224316,0.4549824685114096,0.37716325230679587,0.29741443333492956,-0.030329827205037466,-0.0069101327836904435,-0.009620787897840308,0.014827168666801038,-0.08573554669744415,0.03999291467533045,-0.21686697802590935,0.4796905349876937,0.4091865762757346,0.3888211878679555,0.44524716869049724,0.34032579947951197,0.3021793163055426,-0.030074423560889633,-0.0073080937135786015,-0.009620787897840308,0.033259949291372784,-0.03976412298216629,-0.12217663016402243,0.055823164538806286,-0.19235472485405314,-0.01802185883874969,0.4486738560290688,0.3778466641858272,0.37019629986004776,0.38363504749721977,0.3313188936232295,0.27914565939409747,0.12386505403531343
gktmathss,0.047069191030027366,0.09589257624140317,-0.0916093780696224,-0.05742403754025975,0.16424709554286235,0.09195650267799134,-0.04120951968672733,-0.0015141920253387944,0.01789746043959999,-0.0008533091277672973,0.027529571285823524,0.08440788979037127,-0.11242169594243984,-0.06003534621048314,0.6379701579708046,1.0,0.593917087529218,0.5855323211471831,-0.03902396019212859,-0.003620480092230566,0.01727413821538968,0.059710790611045325,0.007448246255545912,0.06729657042343586,-0.13479383696829203,0.01053634472182982,0.4235756731817207,0.5486674569725087,0.4564217255953561,0.36877500410773806,0.3352999675883782,0.3754602482895673,-0.03902396019212859,-0.003620480092230566,0.015866026085796167,-0.00043512587628649033,-0.033298147090067856,0.02786360462221872,-0.14338798177299786,0.43143567298173197,0.4882041924567678,0.3992791397757741,0.3982893804416213,0.36078506751447464,0.3947966239672718,-0.04527725466659134,0.00122731425668488,0.015866026085796167,0.031393497326987624,-0.04253367399005881,-0.06951463071704415,0.019586136285687658,-0.12821004304881664,-0.004294428821261937,0.4307017309425812,0.4664544543420301,0.40171861130872705,0.3429051178089074,0.32413100462196764,0.3489166953564136,0.10370781131483424
gktlstnss,0.00938593234347133,0.2866694735678791,-0.2776182564909885,-0.061152938445750614,0.1592620027303151,0.04193329019555037,-0.15288785170642882,-0.02703151486777857,0.11784144438513255,0.1168767722525479,0.05968265783375763,0.13341518408650851,-0.1912899083288629,0.022326512583973054,0.47602505109038723,0.593917087529218,1.0,0.4350340277952176,-0.15041238705777812,-0.03006326088827821,0.11640717100449914,0.19146235095488065,0.03781084071992058,0.0702711706286003,-0.2313347697194784,0.04338840294645688,0.37669281496755963,0.4845323170954757,0.6032526938224259,0.31568860978938096,0.3015527852246283,0.334417326979798,-0.15041238705777812,-0.03006326088827821,0.11582329895437754,0.13552736108204938,-0.027825266279198103,0.07758490137959342,-0.2173276883346612,0.419562449455603,0.45248326313229936,0.5745444209117616,0.3827997171813059,0.36611565169123933,0.3572057681269157,-0.1500719063528803,-0.03129989465193219,0.11582329895437754,0.14997577155562244,-0.15021406958312852,-0.06334823424986552,0.03325559281624321,-0.21420838827244046,0.0385087319085146,0.4212218104347864,0.4084300775525913,0.5564060867753604,0.2906206248343996,0.3512966967982169,0.3376156682029953,0.11815621214206291
gktwordss,0.06802330216543738,0.07192129048202492,-0.06757258938566515,-0.05267100505700718,0.0916868294970773,0.0631724767468407,-0.027226645761023533,-0.006040315666622114,-0.02389399484252249,0.008111845603404303,-0.01179959394189638,0.10325594216050155,-0.18024314145589973,-0.024149775529418514,0.9137582713425116,0.5855323211471831,0.4350340277952176,1.0,-0.02833854964726669,-0.005285548163142413,-0.02262116657010904,0.08103210244964902,-0.004696555606243302,0.02670834003971216,-0.20042948674634006,0.0318346930056242,0.5123947520567396,0.4408261512326789,0.3987769691145687,0.4465359536957473,0.37991037666231886,0.29627806528784606,-0.02833854964726669,-0.005285548163142413,-0.020809639132567913,0.014227610734798134,-0.07204394655546878,0.05685259608606168,-0.21740342335128277,0.45564180768628854,0.38184231617532305,0.3606299442226205,0.43710888831957206,0.33371233985948534,0.2916068574251239,-0.02974333684496377,-0.004318375510606494,-0.020809639132567913,0.04334829521914276,-0.04876855260743168,-0.11383776200582633,0.04415086493871433,-0.19262675569130527,-0.02034010709738086,0.4230411365407855,0.3716010673311934,0.3559964753576404,0.36646604428081714,0.3218431303443169,0.2840464084569922,0.13240014452041768
1innercity,0.030081228205871165,-0.6603012004435499,0.6664894484770075,-0.017829831959226602,0.004601829122476271,0.06932078195653187,0.973332092956312,-0.1587685760831281,-0.48801496242987485,-0.39640852265788484,-0.14909877771996538,-0.13860091134869432,0.3925452491870351,-0.09865847401365233,-0.030329827205037466,-0.03902396019212859,-0.15041238705777812,-0.02833854964726669,1.0,-0.17299948042663985,-0.48886230093757915,-0.5299798619808934,-0.06491833873539639,0.05606821145910567,0.4067829315148349,-0.03193886665379442,-0.26179182461939404,-0.20286767063609543,-0.21277916357837828,-0.18251064668690317,-0.1382553095409666,-0.18375190505866473,1.0,-0.17299948042663985,-0.4897119546843864,-0.35888756677711275,-0.05120215383795614,-0.039581653752630196,0.39092882293325937,-0.24946750838988851,-0.16555111993981483,-0.24642323148752704,-0.20239761882474985,-0.187344631888631,-0.15197454407733554,0.9884061281979258,-0.15528881775385897,-0.4897119546843864,-0.5404919613059282,0.5154654047524864,-0.0058748991423564914,0.06902134345229886,0.41309140411600137,0.009531164006115644,-0.15892431398239543,-0.1605079889179049,-0.19116339575261904,-0.15449823134174318,-0.13599618563834648,-0.23937248907770683,-0.16713742041612556
1suburban,0.036868679209671774,-0.1592072774613682,0.1636745289815579,-0.023249545883434343,-0.036221838869115765,0.018613836791802493,-0.14330229093349023,0.981368057551166,-0.6363563205061268,-0.20810651063676258,-0.07412104598047303,0.07895777476473549,-0.11455450879582205,-0.07790966012494692,-0.0069101327836904435,-0.003620480092230566,-0.03006326088827821,-0.005285548163142413,-0.17299948042663985,1.0,-0.637461223544954,-0.08914641777852153,-0.043222679698766704,-0.10099891003829065,-0.12933688611274996,-0.024546806291627102,-0.02979748149179321,-0.03787582963119338,-0.02280967922415043,0.01094039304009246,0.011350247965476703,0.0009365875760370203,-0.17299948042663985,1.0,-0.6385691455835142,-0.1324030913682097,-0.06938442628515418,-0.08374749806306996,-0.12952506827524804,-0.05352261909107116,-0.08668729039250796,-0.018909730106292905,-0.04302270792445336,0.0009634613287271156,-0.045016121323944724,-0.17099374662874697,0.9921125741444705,-0.6385691455835142,-0.16209288735125055,0.1693448060848125,0.02931685455712043,0.028469228442234863,-0.13881670439774602,-0.09291454682866422,-0.02631002906090235,-0.05070100845094596,-0.017967589440471995,-0.05171676014139472,-0.009770619747158534,-0.047832092644684965,0.03983417176031103
1rural,-0.05470347119100195,0.5453492432169811,-0.5498641508167578,0.0024151907710489736,0.004646775518545858,-0.0918565526594385,-0.4944953942084233,-0.6323826731649493,0.9982667133340535,0.39118441951542643,0.1466844749012371,0.03386944575184038,-0.1573301823834274,0.13577925670980828,-0.010868983081203648,0.01727413821538968,0.11640717100449914,-0.02262116657010904,-0.48886230093757915,-0.637461223544954,1.0,0.4009421701895903,0.052287470242963416,0.035287069251374356,-0.1581365785492366,0.024499248474935384,0.18532748472241706,0.14196186856643092,0.13184081899935082,0.09598408785818392,0.059889118795481276,0.120756571627375,-0.48886230093757915,-0.637461223544954,0.9982649928418448,0.305205559350413,0.03860990596097609,0.05240577296561958,-0.1532962989217022,0.20189200976129665,0.17563593497143734,0.15144832074466347,0.14956072570768303,0.1316609665759415,0.1464769857286205,-0.4831944940916475,-0.642529124373447,0.9982649928418448,0.4454835103608892,-0.43532134876083534,-0.033300876760589765,-0.12424527885502022,-0.14844809160566916,0.06213644951491702,0.11688517540077525,0.13678467416254733,0.13340982907852791,0.1267139518818067,0.09585701228933824,0.1946541551161025,0.09613103018059459
1twhite,0.00967335007331103,0.5473642281054159,-0.5529728243176503,0.017829831959226564,-0.0036369883675653808,-0.02746550835554022,-0.5150428536278105,-0.0982843336560478,0.40013832949456524,0.29767855827044726,0.17415599765103032,0.09258406507197908,-0.30152799231146893,0.055287219195194914,0.07255280415514534,0.059710790611045325,0.19146235095488065,0.08103210244964902,-0.5299798619808934,-0.08914641777852153,0.4009421701895903,1.0,0.06491833873539592,-0.053705919003296895,-0.31054655735611136,0.01840164926488674,0.20445304905125797,0.1676173967411987,0.16908298189480922,0.15048506671389267,0.07362209228703505,0.10843646328269316,-0.5299798619808934,-0.08914641777852153,0.4017480179194564,0.27209296468155275,0.03279519220328566,0.1274419913738053,-0.2884644340039574,0.2419385149311829,0.1489158138407345,0.25371836265160885,0.22156939642513904,0.20950666896197817,0.16341674473514414,-0.5297059441675601,-0.09282959000778856,0.4017480179194564,0.4007047564756539,-0.39528778033555145,-0.058942669417263664,-0.10352715620632685,-0.2715762961746546,-0.008617854788151648,0.1516136449541769,0.1369492493775685,0.19871769661809466,0.12959036202415586,0.1176707467839105,0.15562335037345315,0.1436711171693055
g1thighdegree,-0.03203584401055436,0.11726960709921438,-0.11299474514011199,-0.031062640992563048,0.038429666553227354,-0.06194373347446108,-0.0648041604611204,-0.04306298584015329,0.050457198943980534,0.07173511675502603,0.041029377842631276,-0.05535299223538423,-0.12106490291515287,0.03709426163142863,-0.025071917759607057,0.007448246255545912,0.03781084071992058,-0.004696555606243302,-0.06491833873539639,-0.043222679698766704,0.052287470242963416,0.06491833873539592,1.0,0.09845715015892324,-0.08759004247997661,0.04807733779828889,0.04327901153500367,0.040055278464742945,0.016731064882813923,0.04234748925716019,0.07138403840443978,0.04718679847289709,-0.06491833873539639,-0.043222679698766704,0.05125762799741387,0.07152314499983897,0.10621157497894537,0.13152213469791774,-0.10199094437429035,0.05074465209119649,-0.03144609291991062,-0.004116819473404186,0.04314840424742463,0.016003399874205446,0.015690025972861843,-0.06074295179522918,-0.04690252034947151,0.05125762799741387,0.09762103538381808,-0.09152427850819635,0.0895332055664804,-0.006583549918216318,-0.08358747555665254,0.009592564779625088,0.015805040084370125,0.08080150174265793,0.019191374912369146,0.03890724734604906,0.024404311211830756,0.05146141056476646,-0.03293763449931034
g1tyears,-0.0013676653821729965,0.03410300050317188,-0.03239106189567485,-0.024172309307249017,-0.003355564248749789,-0.023210608340910245,0.06482070004149157,-0.10928723711951652,0.03582633950229288,0.003834395275371619,-0.002622676866060268,0.038944672959849845,0.018047534216005884,-0.0012659314572641884,0.02611250799519195,0.06729657042343586,0.0702711706286003,0.02670834003971216,0.05606821145910567,-0.10099891003829065,0.035287069251374356,-0.053705919003296895,0.09845715015892324,1.0,0.02240271460585506,0.026874824897389377,0.05083471812413614,-0.0067214086274520165,0.040912362502723745,0.06057533833281461,0.10948278115325356,0.08935496336044135,0.05606821145910567,-0.10099891003829065,0.035143960529637676,-0.029233753267907038,0.028161718781856707,0.03255526027067547,0.014893378493725799,0.03964784046572075,0.035886090446256465,0.030419453129728272,0.04666684197955143,-0.009553944534141188,0.04440755287276184,0.053125822823723634,-0.0976760937409779,0.035143960529637676,-0.001093816862960138,0.00978960805742067,-0.08885211167133934,0.0207299224282563,0.04709637197515364,0.03686504890148659,0.031875283163779036,0.08387402353898973,0.07393022636264351,0.037319976303914884,0.06520540422509274,0.06190781780995414,-0.06023144368352595
g1freelunch,0.025776798865183106,-0.41751268116133333,0.4206894945737737,0.0022162353006415954,0.0008615547703849116,0.04920675559418628,0.40887436099276464,-0.13473446578948184,-0.15693800916109288,-0.18192425864646805,-0.13485761941496363,-0.10143078085322153,0.7436741910868537,0.011560347961775247,-0.20230891420658711,-0.13479383696829203,-0.2313347697194784,-0.20042948674634006,0.4067829315148349,-0.12933688611274996,-0.1581365785492366,-0.31054655735611136,-0.08759004247997661,0.02240271460585506,1.0,0.01203586083448372,-0.3093273616170078,-0.2288753464139276,-0.26673361375809573,-0.26892323217737735,-0.19551750043431626,-0.1792033429473508,0.4067829315148349,-0.12933688611274996,-0.15933681531549393,-0.1868969696120988,-0.039395051161895615,-0.06248888199566606,0.7645083508745092,-0.27970333514103907,-0.19629073996299284,-0.28933458597669454,-0.25623049877436455,-0.25000490102849937,-0.17706964888269186,0.40470898185486137,-0.1240014746392155,-0.15933681531549393,-0.2532293169504395,0.24906971745737044,0.0013102827077743995,-0.007894104150191887,0.7366592020451337,0.10741289719779656,-0.2415181067511476,-0.2520352410638791,-0.29539137956147715,-0.18531144995583343,-0.2641240464533291,-0.2566956112929234,-0.28573977227718095
g1absent,0.010970320042478351,0.06922076527926554,-0.06605487245215026,-0.025213988726298323,0.023831509998124643,-0.023493601837145068,-0.02497247096680372,-0.030298812191978854,0.023545941285060025,-0.007956866661606398,0.021287088693643368,-0.0046428247329572915,0.008633347464208517,0.5883188003734945,0.04131780349654371,0.01053634472182982,0.04338840294645688,0.0318346930056242,-0.03193886665379442,-0.024546806291627102,0.024499248474935384,0.01840164926488674,0.04807733779828889,0.026874824897389377,0.01203586083448372,1.0,-0.07366523876187593,-0.022805122051033824,0.037909611105257826,-0.0678335289444779,-0.053474526321966614,-0.047543994300479876,-0.03193886665379442,-0.024546806291627102,0.026021746895871032,0.01888457718283253,-0.04274915550314047,0.027969357947304433,0.019010593906901498,-0.045679603875161644,-0.06637193718408214,0.02340285022270176,-0.04144981660481908,-0.05259421452769798,-0.04532927551430678,-0.02793603766306047,-0.027935472715341126,0.026021746895871032,-0.013247229641854555,0.014725415250640266,-0.02603061837818772,0.037100034381986585,0.05719913982980513,0.49137940900704036,-0.05233335434488934,-0.06686641679565385,0.03143010645002487,-0.08624729887334841,-0.05467245180664287,-0.0399745471624354,-0.0514998668800646
g1treadss,0.03945224688408431,0.28600799413487815,-0.2877610377352707,-0.00784093531700492,0.005956092457016316,0.0198741788923769,-0.2669919258492293,-0.02365604836285802,0.18615793394379967,0.18362314308041497,0.08983849765682426,0.07343301002360428,-0.2588382954862826,-0.04200253589605987,0.5246653273549723,0.4235756731817207,0.37669281496755963,0.5123947520567396,-0.26179182461939404,-0.02979748149179321,0.18532748472241706,0.20445304905125797,0.04327901153500367,0.05083471812413614,-0.3093273616170078,-0.07366523876187593,1.0,0.6166495807589827,0.5043967576673943,0.8803294955657404,0.6235863238463258,0.41907497208812494,-0.26179182461939404,-0.02979748149179321,0.1881076418680268,0.1398479625348437,-0.008387903619045409,0.03514250578293301,-0.28886932863088,0.7247546334394914,0.5620004579407725,0.5192485669531881,0.6904947803306922,0.5649597021001573,0.42650341104302497,-0.26260074001370076,-0.03091497139783767,0.1881076418680268,0.19452699351499692,-0.20201629464582987,-0.033125204469593904,0.008012631705858133,-0.2877357218660544,-0.031870091473559486,0.6590266307892321,0.5268678018236387,0.4853187725679319,0.6044494394212632,0.5187259750266605,0.48840127874002087,0.18787310205071525
g1tmathss,-0.0491637261409789,0.2671689327854323,-0.2686249569288574,-0.01696177906239487,0.106607229405976,0.06692147499808386,-0.20759873459362807,-0.032601790723546305,0.14413594574566863,0.14248002613157953,0.05080006197324673,0.04710580247882236,-0.203682160968749,-0.02516087087054741,0.46170983927045206,0.5486674569725087,0.4845323170954757,0.4408261512326789,-0.20286767063609543,-0.03787582963119338,0.14196186856643092,0.1676173967411987,0.040055278464742945,-0.0067214086274520165,-0.2288753464139276,-0.022805122051033824,0.6166495807589827,1.0,0.6337338300040198,0.5372204710010485,0.4929685989606407,0.5812114461687794,-0.20286767063609543,-0.03787582963119338,0.14133078112020184,0.09808240609217245,-0.0505071130905729,0.030088255891883093,-0.21351214118911618,0.5749491962006588,0.6797958801093713,0.5557256320864915,0.5193396392777064,0.475147275881957,0.5045093806117046,-0.20730064334795992,-0.035553688324415605,0.14133078112020184,0.18400777313031264,-0.1875916426888099,-0.018903090503955697,0.041959460227108426,-0.21712975652658537,-0.00011591111138098055,0.5429495687735124,0.634756209553323,0.5343015596673021,0.47019810221488273,0.4250915566364603,0.5168444215521525,0.1757100181603924
g1tlstnss,-0.04784028936657227,0.2825195037299155,-0.2772454856833029,-0.05139598586532568,0.10521143041517698,0.05059660903036246,-0.22154589317188556,-0.013991010769064824,0.13307599600227793,0.1650448003592256,0.026434196954558602,0.05648506286712248,-0.22602228600957966,0.008729338585087208,0.4237177087224316,0.4564217255953561,0.6032526938224259,0.3987769691145687,-0.21277916357837828,-0.02280967922415043,0.13184081899935082,0.16908298189480922,0.016731064882813923,0.040912362502723745,-0.26673361375809573,0.037909611105257826,0.5043967576673943,0.6337338300040198,1.0,0.4239249611470564,0.40829907944145793,0.3974237799751183,-0.21277916357837828,-0.02280967922415043,0.13117009946215885,0.16479588297542747,-0.00806335881388521,0.048298431778406425,-0.23621833831684366,0.4950324127480649,0.5046092612003765,0.696502522363863,0.45267769943056274,0.40976072713094336,0.3633879029742373,-0.21492617669262862,-0.02250605252258545,0.13117009946215885,0.17097298896496346,-0.17267156006658008,-0.030305359118428177,0.02867045509999555,-0.2386280541024361,0.062076620063552385,0.4838841749363453,0.4742155894474367,0.6669830396187001,0.34286619024424103,0.39879630896816926,0.3824177240368734,0.17781163799042699
g1twordss,0.038681323704282844,0.1991014180914738,-0.20115773455396013,-0.014282741501665945,-0.025347478536731933,0.03217711837366867,-0.18558497247036085,0.014919696667170254,0.09643394999744957,0.1193255217333011,0.061760088962834546,0.07330184433988894,-0.22472164655620933,-0.056095658059787674,0.4549824685114096,0.36877500410773806,0.31568860978938096,0.4465359536957473,-0.18251064668690317,0.01094039304009246,0.09598408785818392,0.15048506671389267,0.04234748925716019,0.06057533833281461,-0.26892323217737735,-0.0678335289444779,0.8803294955657404,0.5372204710010485,0.4239249611470564,1.0,0.5797790715460291,0.37480863571686746,-0.18251064668690317,0.01094039304009246,0.09749591829792748,0.08869551460058925,-0.011342541267309337,0.025655852084399106,-0.24604958969760296,0.6425537111586501,0.47000320869008616,0.43122240054095656,0.6190088429991942,0.5138860675441033,0.36570689836764325,-0.1826874430164289,0.009686827007195123,0.09749591829792748,0.1150574122173789,-0.12404733455874929,-0.05373391113862751,0.03725381013613297,-0.2545077415403001,-0.05119277624275606,0.5688373721066737,0.45125526016242185,0.4082187931472339,0.5212470528499077,0.46861976472710404,0.4286139514092232,0.1475493660212175
g1readbsraw,0.05516228761798902,0.11834876174514614,-0.11566374125214136,-0.032926972642059606,-0.010549129677950422,0.058692294350955,-0.14344786817063493,0.01678958221401646,0.05984085532434195,0.07099653118274916,0.050029880343213665,0.044305789136945356,-0.1519291655267099,-0.05801771031564271,0.37716325230679587,0.3352999675883782,0.3015527852246283,0.37991037666231886,-0.1382553095409666,0.011350247965476703,0.059889118795481276,0.07362209228703505,0.07138403840443978,0.10948278115325356,-0.19551750043431626,-0.053474526321966614,0.6235863238463258,0.4929685989606407,0.40829907944145793,0.5797790715460291,1.0,0.49950253148820006,-0.1382553095409666,0.011350247965476703,0.06140065047796098,0.04158315028602452,-0.03577655928456492,0.03594245150251998,-0.18524891471656194,0.5444338207443747,0.4172712930464274,0.396013100378992,0.516955081523602,0.5147297667968367,0.36083092468441175,-0.1395833966415182,0.01136261167220443,0.06140065047796098,0.08690432084106411,-0.09468809815071104,-0.005600953315688809,0.04732360884988587,-0.17796898259751934,-0.03495854917531223,0.5168476293220318,0.4012729052484046,0.3682349324698281,0.4469213693510367,0.47038713103115415,0.4166259054782826,0.17219384414407
